	x	f(x)	f'(x)
	0.00	0.00	NaN
	0.01	0.00	0.02
	0.02	0.00	0.04
	0.03	0.00	0.06
	0.04	0.00	0.08
	0.05	0.00	0.10
	0.06	0.00	0.12
	0.07	0.00	0.14
	0.08	0.01	0.16
	0.09	0.01	0.18
	0.10	0.01	0.20
	0.11	0.01	0.22
	0.12	0.01	0.24
	0.13	0.02	0.26
	0.14	0.02	0.28
	0.15	0.02	0.30
	0.16	0.03	0.32
	0.17	0.03	0.34
	0.18	0.03	0.36
	0.19	0.04	0.38
	0.20	0.04	0.40
	0.21	0.04	0.42
	0.22	0.05	0.44
	0.23	0.05	0.46
	0.24	0.06	0.48
	0.25	0.06	0.50
	0.26	0.07	0.52
	0.27	0.07	0.54
	0.28	0.08	0.56
	0.29	0.08	0.58
	0.30	0.09	0.60
	0.31	0.10	0.62
	0.32	0.10	0.64
	0.33	0.11	0.66
	0.34	0.12	0.68
	0.35	0.12	0.70
	0.36	0.13	0.72
	0.37	0.14	0.74
	0.38	0.14	0.76
	0.39	0.15	0.78
	0.40	0.16	0.80
	0.41	0.17	0.82
	0.42	0.18	0.84
	0.43	0.18	0.86
	0.44	0.19	0.88
	0.45	0.20	0.90
	0.46	0.21	0.92
	0.47	0.22	0.94
	0.48	0.23	0.96
	0.49	0.24	0.98
	0.50	0.25	1.00
	0.51	0.26	1.02
	0.52	0.27	1.04
	0.53	0.28	1.06
	0.54	0.29	1.08
	0.55	0.30	1.10
	0.56	0.31	1.12
	0.57	0.32	1.14
	0.58	0.34	1.16
	0.59	0.35	1.18
	0.60	0.36	1.20
	0.61	0.37	1.22
	0.62	0.38	1.24
	0.63	0.40	1.26
	0.64	0.41	1.28
	0.65	0.42	1.30
	0.66	0.44	1.32
	0.67	0.45	1.34
	0.68	0.46	1.36
	0.69	0.48	1.38
	0.70	0.49	1.40
	0.71	0.50	1.42
	0.72	0.52	1.44
	0.73	0.53	1.46
	0.74	0.55	1.48
	0.75	0.56	1.50
	0.76	0.58	1.52
	0.77	0.59	1.54
	0.78	0.61	1.56
	0.79	0.62	1.58
	0.80	0.64	1.60
	0.81	0.66	1.62
	0.82	0.67	1.64
	0.83	0.69	1.66
	0.84	0.71	1.68
	0.85	0.72	1.70
	0.86	0.74	1.72
	0.87	0.76	1.74
	0.88	0.77	1.76
	0.89	0.79	1.78
	0.90	0.81	1.80
	0.91	0.83	1.82
	0.92	0.85	1.84
	0.93	0.86	1.86
	0.94	0.88	1.88
	0.95	0.90	1.90
	0.96	0.92	1.92
	0.97	0.94	1.94
	0.98	0.96	1.96
	0.99	0.98	1.98
	1.00	1.00	2.00
	1.01	1.02	2.02
	1.02	1.04	2.04
	1.03	1.06	2.06
	1.04	1.08	2.08
	1.05	1.10	2.10
	1.06	1.12	2.12
	1.07	1.14	2.14
	1.08	1.17	2.16
	1.09	1.19	2.18
	1.10	1.21	2.20
	1.11	1.23	2.22
	1.12	1.25	2.24
	1.13	1.28	2.26
	1.14	1.30	2.28
	1.15	1.32	2.30
	1.16	1.35	2.32
	1.17	1.37	2.34
	1.18	1.39	2.36
	1.19	1.42	2.38
	1.20	1.44	2.40
	1.21	1.46	2.42
	1.22	1.49	2.44
	1.23	1.51	2.46
	1.24	1.54	2.48
	1.25	1.56	2.50
	1.26	1.59	2.52
	1.27	1.61	2.54
	1.28	1.64	2.56
	1.29	1.66	2.58
	1.30	1.69	2.60
	1.31	1.72	2.62
	1.32	1.74	2.64
	1.33	1.77	2.66
	1.34	1.80	2.68
	1.35	1.82	2.70
	1.36	1.85	2.72
	1.37	1.88	2.74
	1.38	1.90	2.76
	1.39	1.93	2.78
	1.40	1.96	2.80
	1.41	1.99	2.82
	1.42	2.02	2.84
	1.43	2.04	2.86
	1.44	2.07	2.88
	1.45	2.10	2.90
	1.46	2.13	2.92
	1.47	2.16	2.94
	1.48	2.19	2.96
	1.49	2.22	2.98
	1.50	2.25	3.00
	1.51	2.28	3.02
	1.52	2.31	3.04
	1.53	2.34	3.06
	1.54	2.37	3.08
	1.55	2.40	3.10
	1.56	2.43	3.12
	1.57	2.46	3.14
	1.58	2.50	3.16
	1.59	2.53	3.18
	1.60	2.56	3.20
	1.61	2.59	3.22
	1.62	2.62	3.24
	1.63	2.66	3.26
	1.64	2.69	3.28
	1.65	2.72	3.30
	1.66	2.76	3.32
	1.67	2.79	3.34
	1.68	2.82	3.36
	1.69	2.86	3.38
	1.70	2.89	3.40
	1.71	2.92	3.42
	1.72	2.96	3.44
	1.73	2.99	3.46
	1.74	3.03	3.48
	1.75	3.06	3.50
	1.76	3.10	3.52
	1.77	3.13	3.54
	1.78	3.17	3.56
	1.79	3.20	3.58
	1.80	3.24	3.60
	1.81	3.28	3.62
	1.82	3.31	3.64
	1.83	3.35	3.66
	1.84	3.39	3.68
	1.85	3.42	3.70
	1.86	3.46	3.72
	1.87	3.50	3.74
	1.88	3.53	3.76
	1.89	3.57	3.78
	1.90	3.61	3.80
	1.91	3.65	3.82
	1.92	3.69	3.84
	1.93	3.72	3.86
	1.94	3.76	3.88
	1.95	3.80	3.90
	1.96	3.84	3.92
	1.97	3.88	3.94
	1.98	3.92	3.96
	1.99	3.96	3.98
	2.00	4.00	4.00
	2.01	4.04	4.02
	2.02	4.08	4.04
	2.03	4.12	4.06
	2.04	4.16	4.08
	2.05	4.20	4.10
	2.06	4.24	4.12
	2.07	4.28	4.14
	2.08	4.33	4.16
	2.09	4.37	4.18
	2.10	4.41	4.20
	2.11	4.45	4.22
	2.12	4.49	4.24
	2.13	4.54	4.26
	2.14	4.58	4.28
	2.15	4.62	4.30
	2.16	4.67	4.32
	2.17	4.71	4.34
	2.18	4.75	4.36
	2.19	4.80	4.38
	2.20	4.84	4.40
	2.21	4.88	4.42
	2.22	4.93	4.44
	2.23	4.97	4.46
	2.24	5.02	4.48
	2.25	5.06	4.50
	2.26	5.11	4.52
	2.27	5.15	4.54
	2.28	5.20	4.56
	2.29	5.24	4.58
	2.30	5.29	4.60
	2.31	5.34	4.62
	2.32	5.38	4.64
	2.33	5.43	4.66
	2.34	5.48	4.68
	2.35	5.52	4.70
	2.36	5.57	4.72
	2.37	5.62	4.74
	2.38	5.66	4.76
	2.39	5.71	4.78
	2.40	5.76	4.80
	2.41	5.81	4.82
	2.42	5.86	4.84
	2.43	5.90	4.86
	2.44	5.95	4.88
	2.45	6.00	4.90
	2.46	6.05	4.92
	2.47	6.10	4.94
	2.48	6.15	4.96
	2.49	6.20	4.98
	2.50	6.25	5.00
	2.51	6.30	5.02
	2.52	6.35	5.04
	2.53	6.40	5.06
	2.54	6.45	5.08
	2.55	6.50	5.10
	2.56	6.55	5.12
	2.57	6.60	5.14
	2.58	6.66	5.16
	2.59	6.71	5.18
	2.60	6.76	5.20
	2.61	6.81	5.22
	2.62	6.86	5.24
	2.63	6.92	5.26
	2.64	6.97	5.28
	2.65	7.02	5.30
	2.66	7.08	5.32
	2.67	7.13	5.34
	2.68	7.18	5.36
	2.69	7.24	5.38
	2.70	7.29	5.40
	2.71	7.34	5.42
	2.72	7.40	5.44
	2.73	7.45	5.46
	2.74	7.51	5.48
	2.75	7.56	5.50
	2.76	7.62	5.52
	2.77	7.67	5.54
	2.78	7.73	5.56
	2.79	7.78	5.58
	2.80	7.84	5.60
	2.81	7.90	5.62
	2.82	7.95	5.64
	2.83	8.01	5.66
	2.84	8.07	5.68
	2.85	8.12	5.70
	2.86	8.18	5.72
	2.87	8.24	5.74
	2.88	8.29	5.76
	2.89	8.35	5.78
	2.90	8.41	5.80
	2.91	8.47	5.82
	2.92	8.53	5.84
	2.93	8.58	5.86
	2.94	8.64	5.88
	2.95	8.70	5.90
	2.96	8.76	5.92
	2.97	8.82	5.94
	2.98	8.88	5.96
	2.99	8.94	5.98
	3.00	9.00	6.00
	3.01	9.06	6.02
	3.02	9.12	6.04
	3.03	9.18	6.06
	3.04	9.24	6.08
	3.05	9.30	6.10
	3.06	9.36	6.12
	3.07	9.42	6.14
	3.08	9.49	6.16
	3.09	9.55	6.18
	3.10	9.61	6.20
	3.11	9.67	6.22
	3.12	9.73	6.24
	3.13	9.80	6.26
	3.14	9.86	6.28
	3.15	9.92	6.30
	3.16	9.99	6.32
	3.17	10.05	6.34
	3.18	10.11	6.36
	3.19	10.18	6.38
	3.20	10.24	6.40
	3.21	10.30	6.42
	3.22	10.37	6.44
	3.23	10.43	6.46
	3.24	10.50	6.48
	3.25	10.56	6.50
	3.26	10.63	6.52
	3.27	10.69	6.54
	3.28	10.76	6.56
	3.29	10.82	6.58
	3.30	10.89	6.60
	3.31	10.96	6.62
	3.32	11.02	6.64
	3.33	11.09	6.66
	3.34	11.16	6.68
	3.35	11.22	6.70
	3.36	11.29	6.72
	3.37	11.36	6.74
	3.38	11.42	6.76
	3.39	11.49	6.78
	3.40	11.56	6.80
	3.41	11.63	6.82
	3.42	11.70	6.84
	3.43	11.76	6.86
	3.44	11.83	6.88
	3.45	11.90	6.90
	3.46	11.97	6.92
	3.47	12.04	6.94
	3.48	12.11	6.96
	3.49	12.18	6.98
	3.50	12.25	7.00
	3.51	12.32	7.02
	3.52	12.39	7.04
	3.53	12.46	7.06
	3.54	12.53	7.08
	3.55	12.60	7.10
	3.56	12.67	7.12
	3.57	12.74	7.14
	3.58	12.82	7.16
	3.59	12.89	7.18
	3.60	12.96	7.20
	3.61	13.03	7.22
	3.62	13.10	7.24
	3.63	13.18	7.26
	3.64	13.25	7.28
	3.65	13.32	7.30
	3.66	13.40	7.32
	3.67	13.47	7.34
	3.68	13.54	7.36
	3.69	13.62	7.38
	3.70	13.69	7.40
	3.71	13.76	7.42
	3.72	13.84	7.44
	3.73	13.91	7.46
	3.74	13.99	7.48
	3.75	14.06	7.50
	3.76	14.14	7.52
	3.77	14.21	7.54
	3.78	14.29	7.56
	3.79	14.36	7.58
	3.80	14.44	7.60
	3.81	14.52	7.62
	3.82	14.59	7.64
	3.83	14.67	7.66
	3.84	14.75	7.68
	3.85	14.82	7.70
	3.86	14.90	7.72
	3.87	14.98	7.74
	3.88	15.05	7.76
	3.89	15.13	7.78
	3.90	15.21	7.80
	3.91	15.29	7.82
	3.92	15.37	7.84
	3.93	15.44	7.86
	3.94	15.52	7.88
	3.95	15.60	7.90
	3.96	15.68	7.92
	3.97	15.76	7.94
	3.98	15.84	7.96
	3.99	15.92	7.98
	4.00	16.00	8.00
	4.01	16.08	8.02
	4.02	16.16	8.04
	4.03	16.24	8.06
	4.04	16.32	8.08
	4.05	16.40	8.10
	4.06	16.48	8.12
	4.07	16.56	8.14
	4.08	16.65	8.16
	4.09	16.73	8.18
	4.10	16.81	8.20
	4.11	16.89	8.22
	4.12	16.97	8.24
	4.13	17.06	8.26
	4.14	17.14	8.28
	4.15	17.22	8.30
	4.16	17.31	8.32
	4.17	17.39	8.34
	4.18	17.47	8.36
	4.19	17.56	8.38
	4.20	17.64	8.40
	4.21	17.72	8.42
	4.22	17.81	8.44
	4.23	17.89	8.46
	4.24	17.98	8.48
	4.25	18.06	8.50
	4.26	18.15	8.52
	4.27	18.23	8.54
	4.28	18.32	8.56
	4.29	18.40	8.58
	4.30	18.49	8.60
	4.31	18.58	8.62
	4.32	18.66	8.64
	4.33	18.75	8.66
	4.34	18.84	8.68
	4.35	18.92	8.70
	4.36	19.01	8.72
	4.37	19.10	8.74
	4.38	19.18	8.76
	4.39	19.27	8.78
	4.40	19.36	8.80
	4.41	19.45	8.82
	4.42	19.54	8.84
	4.43	19.62	8.86
	4.44	19.71	8.88
	4.45	19.80	8.90
	4.46	19.89	8.92
	4.47	19.98	8.94
	4.48	20.07	8.96
	4.49	20.16	8.98
	4.50	20.25	9.00
	4.51	20.34	9.02
	4.52	20.43	9.04
	4.53	20.52	9.06
	4.54	20.61	9.08
	4.55	20.70	9.10
	4.56	20.79	9.12
	4.57	20.88	9.14
	4.58	20.98	9.16
	4.59	21.07	9.18
	4.60	21.16	9.20
	4.61	21.25	9.22
	4.62	21.34	9.24
	4.63	21.44	9.26
	4.64	21.53	9.28
	4.65	21.62	9.30
	4.66	21.72	9.32
	4.67	21.81	9.34
	4.68	21.90	9.36
	4.69	22.00	9.38
	4.70	22.09	9.40
	4.71	22.18	9.42
	4.72	22.28	9.44
	4.73	22.37	9.46
	4.74	22.47	9.48
	4.75	22.56	9.50
	4.76	22.66	9.52
	4.77	22.75	9.54
	4.78	22.85	9.56
	4.79	22.94	9.58
	4.80	23.04	9.60
	4.81	23.14	9.62
	4.82	23.23	9.64
	4.83	23.33	9.66
	4.84	23.43	9.68
	4.85	23.52	9.70
	4.86	23.62	9.72
	4.87	23.72	9.74
	4.88	23.81	9.76
	4.89	23.91	9.78
	4.90	24.01	9.80
	4.91	24.11	9.82
	4.92	24.21	9.84
	4.93	24.30	9.86
	4.94	24.40	9.88
	4.95	24.50	9.90
	4.96	24.60	9.92
	4.97	24.70	9.94
	4.98	24.80	9.96
	4.99	24.90	9.98
	5.00	25.00	10.00
	5.01	25.10	10.02
	5.02	25.20	10.04
	5.03	25.30	10.06
	5.04	25.40	10.08
	5.05	25.50	10.10
	5.06	25.60	10.12
	5.07	25.70	10.14
	5.08	25.81	10.16
	5.09	25.91	10.18
	5.10	26.01	10.20
	5.11	26.11	10.22
	5.12	26.21	10.24
	5.13	26.32	10.26
	5.14	26.42	10.28
	5.15	26.52	10.30
	5.16	26.63	10.32
	5.17	26.73	10.34
	5.18	26.83	10.36
	5.19	26.94	10.38
	5.20	27.04	10.40
	5.21	27.14	10.42
	5.22	27.25	10.44
	5.23	27.35	10.46
	5.24	27.46	10.48
	5.25	27.56	10.50
	5.26	27.67	10.52
	5.27	27.77	10.54
	5.28	27.88	10.56
	5.29	27.98	10.58
	5.30	28.09	10.60
	5.31	28.20	10.62
	5.32	28.30	10.64
	5.33	28.41	10.66
	5.34	28.52	10.68
	5.35	28.62	10.70
	5.36	28.73	10.72
	5.37	28.84	10.74
	5.38	28.94	10.76
	5.39	29.05	10.78
	5.40	29.16	10.80
	5.41	29.27	10.82
	5.42	29.38	10.84
	5.43	29.48	10.86
	5.44	29.59	10.88
	5.45	29.70	10.90
	5.46	29.81	10.92
	5.47	29.92	10.94
	5.48	30.03	10.96
	5.49	30.14	10.98
	5.50	30.25	11.00
	5.51	30.36	11.02
	5.52	30.47	11.04
	5.53	30.58	11.06
	5.54	30.69	11.08
	5.55	30.80	11.10
	5.56	30.91	11.12
	5.57	31.02	11.14
	5.58	31.14	11.16
	5.59	31.25	11.18
	5.60	31.36	11.20
	5.61	31.47	11.22
	5.62	31.58	11.24
	5.63	31.70	11.26
	5.64	31.81	11.28
	5.65	31.92	11.30
	5.66	32.04	11.32
	5.67	32.15	11.34
	5.68	32.26	11.36
	5.69	32.38	11.38
	5.70	32.49	11.40
	5.71	32.60	11.42
	5.72	32.72	11.44
	5.73	32.83	11.46
	5.74	32.95	11.48
	5.75	33.06	11.50
	5.76	33.18	11.52
	5.77	33.29	11.54
	5.78	33.41	11.56
	5.79	33.52	11.58
	5.80	33.64	11.60
	5.81	33.76	11.62
	5.82	33.87	11.64
	5.83	33.99	11.66
	5.84	34.11	11.68
	5.85	34.22	11.70
	5.86	34.34	11.72
	5.87	34.46	11.74
	5.88	34.57	11.76
	5.89	34.69	11.78
	5.90	34.81	11.80
	5.91	34.93	11.82
	5.92	35.05	11.84
	5.93	35.16	11.86
	5.94	35.28	11.88
	5.95	35.40	11.90
	5.96	35.52	11.92
	5.97	35.64	11.94
	5.98	35.76	11.96
	5.99	35.88	11.98
	6.00	36.00	12.00
	6.01	36.12	12.02
	6.02	36.24	12.04
	6.03	36.36	12.06
	6.04	36.48	12.08
	6.05	36.60	12.10
	6.06	36.72	12.12
	6.07	36.84	12.14
	6.08	36.97	12.16
	6.09	37.09	12.18
	6.10	37.21	12.20
	6.11	37.33	12.22
	6.12	37.45	12.24
	6.13	37.58	12.26
	6.14	37.70	12.28
	6.15	37.82	12.30
	6.16	37.95	12.32
	6.17	38.07	12.34
	6.18	38.19	12.36
	6.19	38.32	12.38
	6.20	38.44	12.40
	6.21	38.56	12.42
	6.22	38.69	12.44
	6.23	38.81	12.46
	6.24	38.94	12.48
	6.25	39.06	12.50
	6.26	39.19	12.52
	6.27	39.31	12.54
	6.28	39.44	12.56
	6.29	39.56	12.58
	6.30	39.69	12.60
	6.31	39.82	12.62
	6.32	39.94	12.64
	6.33	40.07	12.66
	6.34	40.20	12.68
	6.35	40.32	12.70
	6.36	40.45	12.72
	6.37	40.58	12.74
	6.38	40.70	12.76
	6.39	40.83	12.78
	6.40	40.96	12.80
	6.41	41.09	12.82
	6.42	41.22	12.84
	6.43	41.34	12.86
	6.44	41.47	12.88
	6.45	41.60	12.90
	6.46	41.73	12.92
	6.47	41.86	12.94
	6.48	41.99	12.96
	6.49	42.12	12.98
	6.50	42.25	13.00
	6.51	42.38	13.02
	6.52	42.51	13.04
	6.53	42.64	13.06
	6.54	42.77	13.08
	6.55	42.90	13.10
	6.56	43.03	13.12
	6.57	43.16	13.14
	6.58	43.30	13.16
	6.59	43.43	13.18
	6.60	43.56	13.20
	6.61	43.69	13.22
	6.62	43.82	13.24
	6.63	43.96	13.26
	6.64	44.09	13.28
	6.65	44.22	13.30
	6.66	44.36	13.32
	6.67	44.49	13.34
	6.68	44.62	13.36
	6.69	44.76	13.38
	6.70	44.89	13.40
	6.71	45.02	13.42
	6.72	45.16	13.44
	6.73	45.29	13.46
	6.74	45.43	13.48
	6.75	45.56	13.50
	6.76	45.70	13.52
	6.77	45.83	13.54
	6.78	45.97	13.56
	6.79	46.10	13.58
	6.80	46.24	13.60
	6.81	46.38	13.62
	6.82	46.51	13.64
	6.83	46.65	13.66
	6.84	46.79	13.68
	6.85	46.92	13.70
	6.86	47.06	13.72
	6.87	47.20	13.74
	6.88	47.33	13.76
	6.89	47.47	13.78
	6.90	47.61	13.80
	6.91	47.75	13.82
	6.92	47.89	13.84
	6.93	48.02	13.86
	6.94	48.16	13.88
	6.95	48.30	13.90
	6.96	48.44	13.92
	6.97	48.58	13.94
	6.98	48.72	13.96
	6.99	48.86	13.98
	7.00	49.00	14.00
	7.01	49.14	14.02
	7.02	49.28	14.04
	7.03	49.42	14.06
	7.04	49.56	14.08
	7.05	49.70	14.10
	7.06	49.84	14.12
	7.07	49.98	14.14
	7.08	50.13	14.16
	7.09	50.27	14.18
	7.10	50.41	14.20
	7.11	50.55	14.22
	7.12	50.69	14.24
	7.13	50.84	14.26
	7.14	50.98	14.28
	7.15	51.12	14.30
	7.16	51.27	14.32
	7.17	51.41	14.34
	7.18	51.55	14.36
	7.19	51.70	14.38
	7.20	51.84	14.40
	7.21	51.98	14.42
	7.22	52.13	14.44
	7.23	52.27	14.46
	7.24	52.42	14.48
	7.25	52.56	14.50
	7.26	52.71	14.52
	7.27	52.85	14.54
	7.28	53.00	14.56
	7.29	53.14	14.58
	7.30	53.29	14.60
	7.31	53.44	14.62
	7.32	53.58	14.64
	7.33	53.73	14.66
	7.34	53.88	14.68
	7.35	54.02	14.70
	7.36	54.17	14.72
	7.37	54.32	14.74
	7.38	54.46	14.76
	7.39	54.61	14.78
	7.40	54.76	14.80
	7.41	54.91	14.82
	7.42	55.06	14.84
	7.43	55.20	14.86
	7.44	55.35	14.88
	7.45	55.50	14.90
	7.46	55.65	14.92
	7.47	55.80	14.94
	7.48	55.95	14.96
	7.49	56.10	14.98
	7.50	56.25	15.00
	7.51	56.40	15.02
	7.52	56.55	15.04
	7.53	56.70	15.06
	7.54	56.85	15.08
	7.55	57.00	15.10
	7.56	57.15	15.12
	7.57	57.30	15.14
	7.58	57.46	15.16
	7.59	57.61	15.18
	7.60	57.76	15.20
	7.61	57.91	15.22
	7.62	58.06	15.24
	7.63	58.22	15.26
	7.64	58.37	15.28
	7.65	58.52	15.30
	7.66	58.68	15.32
	7.67	58.83	15.34
	7.68	58.98	15.36
	7.69	59.14	15.38
	7.70	59.29	15.40
	7.71	59.44	15.42
	7.72	59.60	15.44
	7.73	59.75	15.46
	7.74	59.91	15.48
	7.75	60.06	15.50
	7.76	60.22	15.52
	7.77	60.37	15.54
	7.78	60.53	15.56
	7.79	60.68	15.58
	7.80	60.84	15.60
	7.81	61.00	15.62
	7.82	61.15	15.64
	7.83	61.31	15.66
	7.84	61.47	15.68
	7.85	61.62	15.70
	7.86	61.78	15.72
	7.87	61.94	15.74
	7.88	62.09	15.76
	7.89	62.25	15.78
	7.90	62.41	15.80
	7.91	62.57	15.82
	7.92	62.73	15.84
	7.93	62.88	15.86
	7.94	63.04	15.88
	7.95	63.20	15.90
	7.96	63.36	15.92
	7.97	63.52	15.94
	7.98	63.68	15.96
	7.99	63.84	15.98
	8.00	64.00	16.00
	8.01	64.16	16.02
	8.02	64.32	16.04
	8.03	64.48	16.06
	8.04	64.64	16.08
	8.05	64.80	16.10
	8.06	64.96	16.12
	8.07	65.12	16.14
	8.08	65.29	16.16
	8.09	65.45	16.18
	8.10	65.61	16.20
	8.11	65.77	16.22
	8.12	65.93	16.24
	8.13	66.10	16.26
	8.14	66.26	16.28
	8.15	66.42	16.30
	8.16	66.59	16.32
	8.17	66.75	16.34
	8.18	66.91	16.36
	8.19	67.08	16.38
	8.20	67.24	16.40
	8.21	67.40	16.42
	8.22	67.57	16.44
	8.23	67.73	16.46
	8.24	67.90	16.48
	8.25	68.06	16.50
	8.26	68.23	16.52
	8.27	68.39	16.54
	8.28	68.56	16.56
	8.29	68.72	16.58
	8.30	68.89	16.60
	8.31	69.06	16.62
	8.32	69.22	16.64
	8.33	69.39	16.66
	8.34	69.56	16.68
	8.35	69.72	16.70
	8.36	69.89	16.72
	8.37	70.06	16.74
	8.38	70.22	16.76
	8.39	70.39	16.78
	8.40	70.56	16.80
	8.41	70.73	16.82
	8.42	70.90	16.84
	8.43	71.06	16.86
	8.44	71.23	16.88
	8.45	71.40	16.90
	8.46	71.57	16.92
	8.47	71.74	16.94
	8.48	71.91	16.96
	8.49	72.08	16.98
	8.50	72.25	17.00
	8.51	72.42	17.02
	8.52	72.59	17.04
	8.53	72.76	17.06
	8.54	72.93	17.08
	8.55	73.10	17.10
	8.56	73.27	17.12
	8.57	73.44	17.14
	8.58	73.62	17.16
	8.59	73.79	17.18
	8.60	73.96	17.20
	8.61	74.13	17.22
	8.62	74.30	17.24
	8.63	74.48	17.26
	8.64	74.65	17.28
	8.65	74.82	17.30
	8.66	75.00	17.32
	8.67	75.17	17.34
	8.68	75.34	17.36
	8.69	75.52	17.38
	8.70	75.69	17.40
	8.71	75.86	17.42
	8.72	76.04	17.44
	8.73	76.21	17.46
	8.74	76.39	17.48
	8.75	76.56	17.50
	8.76	76.74	17.52
	8.77	76.91	17.54
	8.78	77.09	17.56
	8.79	77.26	17.58
	8.80	77.44	17.60
	8.81	77.62	17.62
	8.82	77.79	17.64
	8.83	77.97	17.66
	8.84	78.15	17.68
	8.85	78.32	17.70
	8.86	78.50	17.72
	8.87	78.68	17.74
	8.88	78.85	17.76
	8.89	79.03	17.78
	8.90	79.21	17.80
	8.91	79.39	17.82
	8.92	79.57	17.84
	8.93	79.74	17.86
	8.94	79.92	17.88
	8.95	80.10	17.90
	8.96	80.28	17.92
	8.97	80.46	17.94
	8.98	80.64	17.96
	8.99	80.82	17.98
	9.00	81.00	18.00
	9.01	81.18	18.02
	9.02	81.36	18.04
	9.03	81.54	18.06
	9.04	81.72	18.08
	9.05	81.90	18.10
	9.06	82.08	18.12
	9.07	82.26	18.14
	9.08	82.45	18.16
	9.09	82.63	18.18
	9.10	82.81	18.20
	9.11	82.99	18.22
	9.12	83.17	18.24
	9.13	83.36	18.26
	9.14	83.54	18.28
	9.15	83.72	18.30
	9.16	83.91	18.32
	9.17	84.09	18.34
	9.18	84.27	18.36
	9.19	84.46	18.38
	9.20	84.64	18.40
	9.21	84.82	18.42
	9.22	85.01	18.44
	9.23	85.19	18.46
	9.24	85.38	18.48
	9.25	85.56	18.50
	9.26	85.75	18.52
	9.27	85.93	18.54
	9.28	86.12	18.56
	9.29	86.30	18.58
	9.30	86.49	18.60
	9.31	86.68	18.62
	9.32	86.86	18.64
	9.33	87.05	18.66
	9.34	87.24	18.68
	9.35	87.42	18.70
	9.36	87.61	18.72
	9.37	87.80	18.74
	9.38	87.98	18.76
	9.39	88.17	18.78
	9.40	88.36	18.80
	9.41	88.55	18.82
	9.42	88.74	18.84
	9.43	88.92	18.86
	9.44	89.11	18.88
	9.45	89.30	18.90
	9.46	89.49	18.92
	9.47	89.68	18.94
	9.48	89.87	18.96
	9.49	90.06	18.98
	9.50	90.25	19.00
	9.51	90.44	19.02
	9.52	90.63	19.04
	9.53	90.82	19.06
	9.54	91.01	19.08
	9.55	91.20	19.10
	9.56	91.39	19.12
	9.57	91.58	19.14
	9.58	91.78	19.16
	9.59	91.97	19.18
	9.60	92.16	19.20
	9.61	92.35	19.22
	9.62	92.54	19.24
	9.63	92.74	19.26
	9.64	92.93	19.28
	9.65	93.12	19.30
	9.66	93.32	19.32
	9.67	93.51	19.34
	9.68	93.70	19.36
	9.69	93.90	19.38
	9.70	94.09	19.40
	9.71	94.28	19.42
	9.72	94.48	19.44
	9.73	94.67	19.46
	9.74	94.87	19.48
	9.75	95.06	19.50
	9.76	95.26	19.52
	9.77	95.45	19.54
	9.78	95.65	19.56
	9.79	95.84	19.58
	9.80	96.04	19.60
	9.81	96.24	19.62
	9.82	96.43	19.64
	9.83	96.63	19.66
	9.84	96.83	19.68
	9.85	97.02	19.70
	9.86	97.22	19.72
	9.87	97.42	19.74
	9.88	97.61	19.76
	9.89	97.81	19.78
	9.90	98.01	19.80
	9.91	98.21	19.82
	9.92	98.41	19.84
	9.93	98.60	19.86
	9.94	98.80	19.88
	9.95	99.00	19.90
	9.96	99.20	19.92
	9.97	99.40	19.94
	9.98	99.60	19.96
	9.99	99.80	19.98
	10.00	100.00	20.00
